WARNING: rtl_v2/ifa_odu_v2_cpu.sv:21: $readmemh(odu_v2_program.hex): Not enough words in the file for the requested range [0:255].
VCD info: dumpfile sim/odu_v2_cpu.vcd opened for output.
cycle pc state ir    instr        sp retpc          A        B        addr OUT_Y    OUT_RA   OUT_RD   OUT_R0   OUT_T
------------------------------------------------------------------------------------------------
    1 00 1 10ee  LOADA         0  00 00000000 00000000 0    00000000 00000000 00000000 00000000 00000000
    2 01 0 10ee  LOADA         0  00 11101110 00000000 0    00000000 00000000 00000000 00000000 00000000
    3 01 1 f104  CALL          0  00 11101110 00000000 0    00000000 00000000 00000000 00000000 00000000
    4 04 0 f104  CALL          0  00 11101110 00000000 0    00000000 00000000 00000000 00000000 00000000
    5 04 1 2011  LOADB         1  05 11101110 00000000 0    00000000 00000000 00000000 00000000 00000000
    6 05 0 2011  LOADB         1  05 11101110 00010001 0    00000000 00000000 00000000 00000000 00000000
    7 05 1 8000  RPC_ADD       1  05 11101110 00010001 0    00000000 00000000 00000000 00000000 00000000
    8 06 0 8000  RPC_ADD       1  05 11101110 00010001 0    11111111 00000000 11111111 00000000 00000000
    9 06 1 f200  RET           1  05 11101110 00010001 0    11111111 00000000 11111111 00000000 00000000
   10 05 0 f200  RET           1  05 11101110 00010001 0    11111111 00000000 11111111 00000000 00000000
   11 05 1 8000  RPC_ADD       0  00 11101110 00010001 0    11111111 00000000 11111111 00000000 00000000
   12 06 0 8000  RPC_ADD       0  00 11101110 00010001 0    11111111 00000000 11111111 00000000 00000000
   13 06 1 f200  RET           0  00 11101110 00010001 0    11111111 00000000 11111111 00000000 00000000
   14 00 0 f200  RET           0  00 11101110 00010001 0    11111111 00000000 11111111 00000000 00000000
   15 00 1 10ee  LOADA         0  00 11101110 00010001 0    11111111 00000000 11111111 00000000 00000000
   16 01 0 10ee  LOADA         0  00 11101110 00010001 0    11111111 00000000 11111111 00000000 00000000
   17 01 1 f104  CALL          0  00 11101110 00010001 0    11111111 00000000 11111111 00000000 00000000
   18 04 0 f104  CALL          0  00 11101110 00010001 0    11111111 00000000 11111111 00000000 00000000
   19 04 1 2011  LOADB         1  05 11101110 00010001 0    11111111 00000000 11111111 00000000 00000000
   20 05 0 2011  LOADB         1  05 11101110 00010001 0    11111111 00000000 11111111 00000000 00000000
   21 05 1 8000  RPC_ADD       1  05 11101110 00010001 0    11111111 00000000 11111111 00000000 00000000
   22 06 0 8000  RPC_ADD       1  05 11101110 00010001 0    11111111 00000000 11111111 00000000 00000000
   23 06 1 f200  RET           1  05 11101110 00010001 0    11111111 00000000 11111111 00000000 00000000
   24 05 0 f200  RET           1  05 11101110 00010001 0    11111111 00000000 11111111 00000000 00000000
   25 05 1 8000  RPC_ADD       0  00 11101110 00010001 0    11111111 00000000 11111111 00000000 00000000
   26 06 0 8000  RPC_ADD       0  00 11101110 00010001 0    11111111 00000000 11111111 00000000 00000000
   27 06 1 f200  RET           0  00 11101110 00010001 0    11111111 00000000 11111111 00000000 00000000
   28 00 0 f200  RET           0  00 11101110 00010001 0    11111111 00000000 11111111 00000000 00000000
   29 00 1 10ee  LOADA         0  00 11101110 00010001 0    11111111 00000000 11111111 00000000 00000000
   30 01 0 10ee  LOADA         0  00 11101110 00010001 0    11111111 00000000 11111111 00000000 00000000
   31 01 1 f104  CALL          0  00 11101110 00010001 0    11111111 00000000 11111111 00000000 00000000
   32 04 0 f104  CALL          0  00 11101110 00010001 0    11111111 00000000 11111111 00000000 00000000
   33 04 1 2011  LOADB         1  05 11101110 00010001 0    11111111 00000000 11111111 00000000 00000000
   34 05 0 2011  LOADB         1  05 11101110 00010001 0    11111111 00000000 11111111 00000000 00000000
   35 05 1 8000  RPC_ADD       1  05 11101110 00010001 0    11111111 00000000 11111111 00000000 00000000
   36 06 0 8000  RPC_ADD       1  05 11101110 00010001 0    11111111 00000000 11111111 00000000 00000000
   37 06 1 f200  RET           1  05 11101110 00010001 0    11111111 00000000 11111111 00000000 00000000
   38 05 0 f200  RET           1  05 11101110 00010001 0    11111111 00000000 11111111 00000000 00000000
   39 05 1 8000  RPC_ADD       0  00 11101110 00010001 0    11111111 00000000 11111111 00000000 00000000
   40 06 0 8000  RPC_ADD       0  00 11101110 00010001 0    11111111 00000000 11111111 00000000 00000000
   41 06 1 f200  RET           0  00 11101110 00010001 0    11111111 00000000 11111111 00000000 00000000
   42 00 0 f200  RET           0  00 11101110 00010001 0    11111111 00000000 11111111 00000000 00000000
   43 00 1 10ee  LOADA         0  00 11101110 00010001 0    11111111 00000000 11111111 00000000 00000000
   44 01 0 10ee  LOADA         0  00 11101110 00010001 0    11111111 00000000 11111111 00000000 00000000
   45 01 1 f104  CALL          0  00 11101110 00010001 0    11111111 00000000 11111111 00000000 00000000
   46 04 0 f104  CALL          0  00 11101110 00010001 0    11111111 00000000 11111111 00000000 00000000
   47 04 1 2011  LOADB         1  05 11101110 00010001 0    11111111 00000000 11111111 00000000 00000000
   48 05 0 2011  LOADB         1  05 11101110 00010001 0    11111111 00000000 11111111 00000000 00000000
   49 05 1 8000  RPC_ADD       1  05 11101110 00010001 0    11111111 00000000 11111111 00000000 00000000
   50 06 0 8000  RPC_ADD       1  05 11101110 00010001 0    11111111 00000000 11111111 00000000 00000000
   51 06 1 f200  RET           1  05 11101110 00010001 0    11111111 00000000 11111111 00000000 00000000
   52 05 0 f200  RET           1  05 11101110 00010001 0    11111111 00000000 11111111 00000000 00000000
   53 05 1 8000  RPC_ADD       0  00 11101110 00010001 0    11111111 00000000 11111111 00000000 00000000
   54 06 0 8000  RPC_ADD       0  00 11101110 00010001 0    11111111 00000000 11111111 00000000 00000000
   55 06 1 f200  RET           0  00 11101110 00010001 0    11111111 00000000 11111111 00000000 00000000
   56 00 0 f200  RET           0  00 11101110 00010001 0    11111111 00000000 11111111 00000000 00000000
   57 00 1 10ee  LOADA         0  00 11101110 00010001 0    11111111 00000000 11111111 00000000 00000000
   58 01 0 10ee  LOADA         0  00 11101110 00010001 0    11111111 00000000 11111111 00000000 00000000
   59 01 1 f104  CALL          0  00 11101110 00010001 0    11111111 00000000 11111111 00000000 00000000
   60 04 0 f104  CALL          0  00 11101110 00010001 0    11111111 00000000 11111111 00000000 00000000
   61 04 1 2011  LOADB         1  05 11101110 00010001 0    11111111 00000000 11111111 00000000 00000000
   62 05 0 2011  LOADB         1  05 11101110 00010001 0    11111111 00000000 11111111 00000000 00000000
   63 05 1 8000  RPC_ADD       1  05 11101110 00010001 0    11111111 00000000 11111111 00000000 00000000
   64 06 0 8000  RPC_ADD       1  05 11101110 00010001 0    11111111 00000000 11111111 00000000 00000000
   65 06 1 f200  RET           1  05 11101110 00010001 0    11111111 00000000 11111111 00000000 00000000
   66 05 0 f200  RET           1  05 11101110 00010001 0    11111111 00000000 11111111 00000000 00000000
   67 05 1 8000  RPC_ADD       0  00 11101110 00010001 0    11111111 00000000 11111111 00000000 00000000
   68 06 0 8000  RPC_ADD       0  00 11101110 00010001 0    11111111 00000000 11111111 00000000 00000000
   69 06 1 f200  RET           0  00 11101110 00010001 0    11111111 00000000 11111111 00000000 00000000
   70 00 0 f200  RET           0  00 11101110 00010001 0    11111111 00000000 11111111 00000000 00000000
   71 00 1 10ee  LOADA         0  00 11101110 00010001 0    11111111 00000000 11111111 00000000 00000000
   72 01 0 10ee  LOADA         0  00 11101110 00010001 0    11111111 00000000 11111111 00000000 00000000
   73 01 1 f104  CALL          0  00 11101110 00010001 0    11111111 00000000 11111111 00000000 00000000
   74 04 0 f104  CALL          0  00 11101110 00010001 0    11111111 00000000 11111111 00000000 00000000
   75 04 1 2011  LOADB         1  05 11101110 00010001 0    11111111 00000000 11111111 00000000 00000000
   76 05 0 2011  LOADB         1  05 11101110 00010001 0    11111111 00000000 11111111 00000000 00000000
   77 05 1 8000  RPC_ADD       1  05 11101110 00010001 0    11111111 00000000 11111111 00000000 00000000
   78 06 0 8000  RPC_ADD       1  05 11101110 00010001 0    11111111 00000000 11111111 00000000 00000000
   79 06 1 f200  RET           1  05 11101110 00010001 0    11111111 00000000 11111111 00000000 00000000
   80 05 0 f200  RET           1  05 11101110 00010001 0    11111111 00000000 11111111 00000000 00000000
   81 05 1 8000  RPC_ADD       0  00 11101110 00010001 0    11111111 00000000 11111111 00000000 00000000
   82 06 0 8000  RPC_ADD       0  00 11101110 00010001 0    11111111 00000000 11111111 00000000 00000000
   83 06 1 f200  RET           0  00 11101110 00010001 0    11111111 00000000 11111111 00000000 00000000
   84 00 0 f200  RET           0  00 11101110 00010001 0    11111111 00000000 11111111 00000000 00000000
   85 00 1 10ee  LOADA         0  00 11101110 00010001 0    11111111 00000000 11111111 00000000 00000000
   86 01 0 10ee  LOADA         0  00 11101110 00010001 0    11111111 00000000 11111111 00000000 00000000
   87 01 1 f104  CALL          0  00 11101110 00010001 0    11111111 00000000 11111111 00000000 00000000
   88 04 0 f104  CALL          0  00 11101110 00010001 0    11111111 00000000 11111111 00000000 00000000
   89 04 1 2011  LOADB         1  05 11101110 00010001 0    11111111 00000000 11111111 00000000 00000000
   90 05 0 2011  LOADB         1  05 11101110 00010001 0    11111111 00000000 11111111 00000000 00000000
   91 05 1 8000  RPC_ADD       1  05 11101110 00010001 0    11111111 00000000 11111111 00000000 00000000
   92 06 0 8000  RPC_ADD       1  05 11101110 00010001 0    11111111 00000000 11111111 00000000 00000000
   93 06 1 f200  RET           1  05 11101110 00010001 0    11111111 00000000 11111111 00000000 00000000
   94 05 0 f200  RET           1  05 11101110 00010001 0    11111111 00000000 11111111 00000000 00000000
   95 05 1 8000  RPC_ADD       0  00 11101110 00010001 0    11111111 00000000 11111111 00000000 00000000
   96 06 0 8000  RPC_ADD       0  00 11101110 00010001 0    11111111 00000000 11111111 00000000 00000000
   97 06 1 f200  RET           0  00 11101110 00010001 0    11111111 00000000 11111111 00000000 00000000
   98 00 0 f200  RET           0  00 11101110 00010001 0    11111111 00000000 11111111 00000000 00000000
   99 00 1 10ee  LOADA         0  00 11101110 00010001 0    11111111 00000000 11111111 00000000 00000000
  100 01 0 10ee  LOADA         0  00 11101110 00010001 0    11111111 00000000 11111111 00000000 00000000
  101 01 1 f104  CALL          0  00 11101110 00010001 0    11111111 00000000 11111111 00000000 00000000
  102 04 0 f104  CALL          0  00 11101110 00010001 0    11111111 00000000 11111111 00000000 00000000
  103 04 1 2011  LOADB         1  05 11101110 00010001 0    11111111 00000000 11111111 00000000 00000000
  104 05 0 2011  LOADB         1  05 11101110 00010001 0    11111111 00000000 11111111 00000000 00000000
  105 05 1 8000  RPC_ADD       1  05 11101110 00010001 0    11111111 00000000 11111111 00000000 00000000
  106 06 0 8000  RPC_ADD       1  05 11101110 00010001 0    11111111 00000000 11111111 00000000 00000000
  107 06 1 f200  RET           1  05 11101110 00010001 0    11111111 00000000 11111111 00000000 00000000
  108 05 0 f200  RET           1  05 11101110 00010001 0    11111111 00000000 11111111 00000000 00000000
  109 05 1 8000  RPC_ADD       0  00 11101110 00010001 0    11111111 00000000 11111111 00000000 00000000
  110 06 0 8000  RPC_ADD       0  00 11101110 00010001 0    11111111 00000000 11111111 00000000 00000000
  111 06 1 f200  RET           0  00 11101110 00010001 0    11111111 00000000 11111111 00000000 00000000
  112 00 0 f200  RET           0  00 11101110 00010001 0    11111111 00000000 11111111 00000000 00000000
  113 00 1 10ee  LOADA         0  00 11101110 00010001 0    11111111 00000000 11111111 00000000 00000000
  114 01 0 10ee  LOADA         0  00 11101110 00010001 0    11111111 00000000 11111111 00000000 00000000
  115 01 1 f104  CALL          0  00 11101110 00010001 0    11111111 00000000 11111111 00000000 00000000
  116 04 0 f104  CALL          0  00 11101110 00010001 0    11111111 00000000 11111111 00000000 00000000
  117 04 1 2011  LOADB         1  05 11101110 00010001 0    11111111 00000000 11111111 00000000 00000000
  118 05 0 2011  LOADB         1  05 11101110 00010001 0    11111111 00000000 11111111 00000000 00000000
  119 05 1 8000  RPC_ADD       1  05 11101110 00010001 0    11111111 00000000 11111111 00000000 00000000
  120 06 0 8000  RPC_ADD       1  05 11101110 00010001 0    11111111 00000000 11111111 00000000 00000000
  121 06 1 f200  RET           1  05 11101110 00010001 0    11111111 00000000 11111111 00000000 00000000
  122 05 0 f200  RET           1  05 11101110 00010001 0    11111111 00000000 11111111 00000000 00000000
  123 05 1 8000  RPC_ADD       0  00 11101110 00010001 0    11111111 00000000 11111111 00000000 00000000
  124 06 0 8000  RPC_ADD       0  00 11101110 00010001 0    11111111 00000000 11111111 00000000 00000000
  125 06 1 f200  RET           0  00 11101110 00010001 0    11111111 00000000 11111111 00000000 00000000
  126 00 0 f200  RET           0  00 11101110 00010001 0    11111111 00000000 11111111 00000000 00000000
  127 00 1 10ee  LOADA         0  00 11101110 00010001 0    11111111 00000000 11111111 00000000 00000000
  128 01 0 10ee  LOADA         0  00 11101110 00010001 0    11111111 00000000 11111111 00000000 00000000
  129 01 1 f104  CALL          0  00 11101110 00010001 0    11111111 00000000 11111111 00000000 00000000
  130 04 0 f104  CALL          0  00 11101110 00010001 0    11111111 00000000 11111111 00000000 00000000
  131 04 1 2011  LOADB         1  05 11101110 00010001 0    11111111 00000000 11111111 00000000 00000000
  132 05 0 2011  LOADB         1  05 11101110 00010001 0    11111111 00000000 11111111 00000000 00000000
  133 05 1 8000  RPC_ADD       1  05 11101110 00010001 0    11111111 00000000 11111111 00000000 00000000
  134 06 0 8000  RPC_ADD       1  05 11101110 00010001 0    11111111 00000000 11111111 00000000 00000000
  135 06 1 f200  RET           1  05 11101110 00010001 0    11111111 00000000 11111111 00000000 00000000
  136 05 0 f200  RET           1  05 11101110 00010001 0    11111111 00000000 11111111 00000000 00000000
  137 05 1 8000  RPC_ADD       0  00 11101110 00010001 0    11111111 00000000 11111111 00000000 00000000
  138 06 0 8000  RPC_ADD       0  00 11101110 00010001 0    11111111 00000000 11111111 00000000 00000000
  139 06 1 f200  RET           0  00 11101110 00010001 0    11111111 00000000 11111111 00000000 00000000
  140 00 0 f200  RET           0  00 11101110 00010001 0    11111111 00000000 11111111 00000000 00000000
  141 00 1 10ee  LOADA         0  00 11101110 00010001 0    11111111 00000000 11111111 00000000 00000000
  142 01 0 10ee  LOADA         0  00 11101110 00010001 0    11111111 00000000 11111111 00000000 00000000
  143 01 1 f104  CALL          0  00 11101110 00010001 0    11111111 00000000 11111111 00000000 00000000
  144 04 0 f104  CALL          0  00 11101110 00010001 0    11111111 00000000 11111111 00000000 00000000
  145 04 1 2011  LOADB         1  05 11101110 00010001 0    11111111 00000000 11111111 00000000 00000000
  146 05 0 2011  LOADB         1  05 11101110 00010001 0    11111111 00000000 11111111 00000000 00000000
  147 05 1 8000  RPC_ADD       1  05 11101110 00010001 0    11111111 00000000 11111111 00000000 00000000
  148 06 0 8000  RPC_ADD       1  05 11101110 00010001 0    11111111 00000000 11111111 00000000 00000000
  149 06 1 f200  RET           1  05 11101110 00010001 0    11111111 00000000 11111111 00000000 00000000
  150 05 0 f200  RET           1  05 11101110 00010001 0    11111111 00000000 11111111 00000000 00000000
  151 05 1 8000  RPC_ADD       0  00 11101110 00010001 0    11111111 00000000 11111111 00000000 00000000
  152 06 0 8000  RPC_ADD       0  00 11101110 00010001 0    11111111 00000000 11111111 00000000 00000000
  153 06 1 f200  RET           0  00 11101110 00010001 0    11111111 00000000 11111111 00000000 00000000
  154 00 0 f200  RET           0  00 11101110 00010001 0    11111111 00000000 11111111 00000000 00000000
  155 00 1 10ee  LOADA         0  00 11101110 00010001 0    11111111 00000000 11111111 00000000 00000000
  156 01 0 10ee  LOADA         0  00 11101110 00010001 0    11111111 00000000 11111111 00000000 00000000
  157 01 1 f104  CALL          0  00 11101110 00010001 0    11111111 00000000 11111111 00000000 00000000
  158 04 0 f104  CALL          0  00 11101110 00010001 0    11111111 00000000 11111111 00000000 00000000
  159 04 1 2011  LOADB         1  05 11101110 00010001 0    11111111 00000000 11111111 00000000 00000000
  160 05 0 2011  LOADB         1  05 11101110 00010001 0    11111111 00000000 11111111 00000000 00000000
  161 05 1 8000  RPC_ADD       1  05 11101110 00010001 0    11111111 00000000 11111111 00000000 00000000
  162 06 0 8000  RPC_ADD       1  05 11101110 00010001 0    11111111 00000000 11111111 00000000 00000000
  163 06 1 f200  RET           1  05 11101110 00010001 0    11111111 00000000 11111111 00000000 00000000
  164 05 0 f200  RET           1  05 11101110 00010001 0    11111111 00000000 11111111 00000000 00000000
  165 05 1 8000  RPC_ADD       0  00 11101110 00010001 0    11111111 00000000 11111111 00000000 00000000
  166 06 0 8000  RPC_ADD       0  00 11101110 00010001 0    11111111 00000000 11111111 00000000 00000000
  167 06 1 f200  RET           0  00 11101110 00010001 0    11111111 00000000 11111111 00000000 00000000
  168 00 0 f200  RET           0  00 11101110 00010001 0    11111111 00000000 11111111 00000000 00000000
  169 00 1 10ee  LOADA         0  00 11101110 00010001 0    11111111 00000000 11111111 00000000 00000000
  170 01 0 10ee  LOADA         0  00 11101110 00010001 0    11111111 00000000 11111111 00000000 00000000
  171 01 1 f104  CALL          0  00 11101110 00010001 0    11111111 00000000 11111111 00000000 00000000
  172 04 0 f104  CALL          0  00 11101110 00010001 0    11111111 00000000 11111111 00000000 00000000
  173 04 1 2011  LOADB         1  05 11101110 00010001 0    11111111 00000000 11111111 00000000 00000000
  174 05 0 2011  LOADB         1  05 11101110 00010001 0    11111111 00000000 11111111 00000000 00000000
  175 05 1 8000  RPC_ADD       1  05 11101110 00010001 0    11111111 00000000 11111111 00000000 00000000
  176 06 0 8000  RPC_ADD       1  05 11101110 00010001 0    11111111 00000000 11111111 00000000 00000000
  177 06 1 f200  RET           1  05 11101110 00010001 0    11111111 00000000 11111111 00000000 00000000
  178 05 0 f200  RET           1  05 11101110 00010001 0    11111111 00000000 11111111 00000000 00000000
  179 05 1 8000  RPC_ADD       0  00 11101110 00010001 0    11111111 00000000 11111111 00000000 00000000
  180 06 0 8000  RPC_ADD       0  00 11101110 00010001 0    11111111 00000000 11111111 00000000 00000000
  181 06 1 f200  RET           0  00 11101110 00010001 0    11111111 00000000 11111111 00000000 00000000
  182 00 0 f200  RET           0  00 11101110 00010001 0    11111111 00000000 11111111 00000000 00000000
  183 00 1 10ee  LOADA         0  00 11101110 00010001 0    11111111 00000000 11111111 00000000 00000000
  184 01 0 10ee  LOADA         0  00 11101110 00010001 0    11111111 00000000 11111111 00000000 00000000
  185 01 1 f104  CALL          0  00 11101110 00010001 0    11111111 00000000 11111111 00000000 00000000
  186 04 0 f104  CALL          0  00 11101110 00010001 0    11111111 00000000 11111111 00000000 00000000
  187 04 1 2011  LOADB         1  05 11101110 00010001 0    11111111 00000000 11111111 00000000 00000000
  188 05 0 2011  LOADB         1  05 11101110 00010001 0    11111111 00000000 11111111 00000000 00000000
  189 05 1 8000  RPC_ADD       1  05 11101110 00010001 0    11111111 00000000 11111111 00000000 00000000
  190 06 0 8000  RPC_ADD       1  05 11101110 00010001 0    11111111 00000000 11111111 00000000 00000000
  191 06 1 f200  RET           1  05 11101110 00010001 0    11111111 00000000 11111111 00000000 00000000
  192 05 0 f200  RET           1  05 11101110 00010001 0    11111111 00000000 11111111 00000000 00000000
  193 05 1 8000  RPC_ADD       0  00 11101110 00010001 0    11111111 00000000 11111111 00000000 00000000
  194 06 0 8000  RPC_ADD       0  00 11101110 00010001 0    11111111 00000000 11111111 00000000 00000000
  195 06 1 f200  RET           0  00 11101110 00010001 0    11111111 00000000 11111111 00000000 00000000
  196 00 0 f200  RET           0  00 11101110 00010001 0    11111111 00000000 11111111 00000000 00000000
  197 00 1 10ee  LOADA         0  00 11101110 00010001 0    11111111 00000000 11111111 00000000 00000000
  198 01 0 10ee  LOADA         0  00 11101110 00010001 0    11111111 00000000 11111111 00000000 00000000
  199 01 1 f104  CALL          0  00 11101110 00010001 0    11111111 00000000 11111111 00000000 00000000
  200 04 0 f104  CALL          0  00 11101110 00010001 0    11111111 00000000 11111111 00000000 00000000
------------------------------------------------------------------------------------------------
ODU V2 CPU halted after 200 cycles.
tb_v2/tb_odu_v2_cpu.sv:105: $finish called at 2016000 (1ps)
