WARNING: rtl_v2/ifa_odu_v2_cpu.sv:21: $readmemh(odu_v2_program.hex): Not enough words in the file for the requested range [0:255].
VCD info: dumpfile sim/odu_v2_cpu.vcd opened for output.
cycle pc state ir    instr        sp retpc          A        B        addr OUT_Y    OUT_RA   OUT_RD   OUT_R0   OUT_T
------------------------------------------------------------------------------------------------
    1 00 1 10ee  LOADA         0  00 00000000 00000000 0    00000000 00000000 00000000 00000000 00000000
    2 01 0 10ee  LOADA         0  00 11101110 00000000 0    00000000 00000000 00000000 00000000 00000000
    3 01 1 f104  CALL          0  00 11101110 00000000 0    00000000 00000000 00000000 00000000 00000000
    4 04 0 f104  CALL          0  00 11101110 00000000 0    00000000 00000000 00000000 00000000 00000000
    5 04 1 2011  LOADB         1  02 11101110 00000000 0    00000000 00000000 00000000 00000000 00000000
    6 05 0 2011  LOADB         1  02 11101110 00010001 0    00000000 00000000 00000000 00000000 00000000
    7 05 1 8000  RPC_ADD       1  02 11101110 00010001 0    00000000 00000000 00000000 00000000 00000000
    8 06 0 8000  RPC_ADD       1  02 11101110 00010001 0    11111111 00000000 11111111 00000000 00000000
    9 06 1 f200  RET           1  02 11101110 00010001 0    11111111 00000000 11111111 00000000 00000000
   10 02 0 f200  RET           1  02 11101110 00010001 0    11111111 00000000 11111111 00000000 00000000
   11 02 1 2022  LOADB         0  00 11101110 00010001 0    11111111 00000000 11111111 00000000 00000000
   12 03 0 2022  LOADB         0  00 11101110 00100010 0    11111111 00000000 11111111 00000000 00000000
   13 03 1 f000  HALT          0  00 11101110 00100010 0    11111111 00000000 11111111 00000000 00000000
   14 03 3 f000  HALT          0  00 11101110 00100010 0    11111111 00000000 11111111 00000000 00000000
------------------------------------------------------------------------------------------------
ODU V2 CPU halted after 14 cycles.
tb_v2/tb_odu_v2_cpu.sv:105: $finish called at 156000 (1ps)
