WARNING: rtl_v2/ifa_odu_v2_cpu.sv:21: $readmemh(odu_v2_program.hex): Not enough words in the file for the requested range [0:255].
VCD info: dumpfile sim/odu_v2_cpu.vcd opened for output.
cycle pc ir    A        B        addr OUT_Y    OUT_RA   OUT_RD   OUT_R0   OUT_T
--------------------------------------------------------------------------------
    1 00 10aa  00000000 00000000 0    00000000 00000000 00000000 00000000 00000000
    2 01 10aa  10101010 00000000 0    00000000 00000000 00000000 00000000 00000000
    3 01 2055  10101010 00000000 0    00000000 00000000 00000000 00000000 00000000
    4 02 2055  10101010 01010101 0    00000000 00000000 00000000 00000000 00000000
    5 02 3000  10101010 01010101 0    00000000 00000000 00000000 00000000 00000000
    6 03 3000  10101010 01010101 0    00000000 00000000 00000000 00000000 00000000
    7 03 4000  10101010 01010101 0    00000000 00000000 00000000 00000000 00000000
    8 03 4000  10101010 01010101 0    00000000 00000000 00000000 00000000 00000000
    9 04 4000  10101010 01010101 0    11111111 00000000 11111111 00000000 11111111
   10 04 7000  10101010 01010101 0    11111111 00000000 11111111 00000000 11111111
   11 04 7000  10101010 01010101 0    11111111 00000000 11111111 00000000 11111111
   12 05 7000  10101010 01010101 0    11111111 00000000 11111111 00000000 11111111
   13 05 10f0  10101010 01010101 0    11111111 00000000 11111111 00000000 11111111
   14 06 10f0  11110000 01010101 0    11111111 00000000 11111111 00000000 11111111
   15 06 20a5  11110000 01010101 0    11111111 00000000 11111111 00000000 11111111
   16 07 20a5  11110000 10100101 0    11111111 00000000 11111111 00000000 11111111
   17 07 5000  11110000 10100101 0    11111111 00000000 11111111 00000000 11111111
   18 07 5000  11110000 10100101 0    11111111 00000000 11111111 00000000 11111111
   19 08 5000  11110000 10100101 0    10101010 01010101 01010101 11110101 01010101
   20 08 100f  11110000 10100101 0    10101010 01010101 01010101 11110101 01010101
   21 09 100f  00001111 10100101 0    10101010 01010101 01010101 11110101 01010101
   22 09 20f0  00001111 10100101 0    10101010 01010101 01010101 11110101 01010101
   23 0a 20f0  00001111 11110000 0    10101010 01010101 01010101 11110101 01010101
   24 0a 3001  00001111 11110000 0    10101010 01010101 01010101 11110101 01010101
   25 0b 3001  00001111 11110000 1    10101010 01010101 01010101 11110101 01010101
   26 0b 6000  00001111 11110000 1    10101010 01010101 01010101 11110101 01010101
   27 0b 6000  00001111 11110000 1    10101010 01010101 01010101 11110101 01010101
   28 0c 6000  00001111 11110000 1    11111111 00000000 11111111 00000000 11111111
   29 0c 7000  00001111 11110000 1    11111111 00000000 11111111 00000000 11111111
   30 0c 7000  00001111 11110000 1    11111111 00000000 11111111 00000000 11111111
   31 0d 7000  00001111 11110000 1    11111111 00000000 11111111 00000000 11111111
   32 0d f000  00001111 11110000 1    11111111 00000000 11111111 00000000 11111111
   33 0d f000  00001111 11110000 1    11111111 00000000 11111111 00000000 11111111
--------------------------------------------------------------------------------
ODU V2 CPU halted after 33 cycles.
tb_v2/tb_odu_v2_cpu.sv:68: $finish called at 346000 (1ps)
