WARNING: rtl_v2/ifa_odu_v2_cpu.sv:23: $readmemh(odu_v2_program.hex): Not enough words in the file for the requested range [0:255].
VCD info: dumpfile sim/odu_v2_cpu.vcd opened for output.
cycle pc state ir    instr        csp cret fsp fy fra frd fr0 ft          A        B        addr OUT_Y    OUT_RA   OUT_RD   OUT_R0   OUT_T
------------------------------------------------------------------------------------------------
    1 00 1 10ee  LOADA         0  00  0  00 00 00 00 00 00000000 00000000 0    00000000 00000000 00000000 00000000 00000000
    2 01 0 10ee  LOADA         0  00  0  00 00 00 00 00 11101110 00000000 0    00000000 00000000 00000000 00000000 00000000
    3 01 1 2011  LOADB         0  00  0  00 00 00 00 00 11101110 00000000 0    00000000 00000000 00000000 00000000 00000000
    4 02 0 2011  LOADB         0  00  0  00 00 00 00 00 11101110 00010001 0    00000000 00000000 00000000 00000000 00000000
    5 02 1 8000  RPC_ADD       0  00  0  00 00 00 00 00 11101110 00010001 0    00000000 00000000 00000000 00000000 00000000
    6 03 0 8000  RPC_ADD       0  00  0  00 00 00 00 00 11101110 00010001 0    11111111 00000000 11111111 00000000 00000000
    7 03 1 fc00  PRINTA        0  00  0  00 00 00 00 00 11101110 00010001 0    11111111 00000000 11111111 00000000 00000000
>>> PRINTA  = ee (238)
    8 04 0 fc00  PRINTA        0  00  0  00 00 00 00 00 11101110 00010001 0    11111111 00000000 11111111 00000000 00000000
    9 04 1 fd00  PRINTB        0  00  0  00 00 00 00 00 11101110 00010001 0    11111111 00000000 11111111 00000000 00000000
>>> PRINTB  = 11 (17)
   10 05 0 fd00  PRINTB        0  00  0  00 00 00 00 00 11101110 00010001 0    11111111 00000000 11111111 00000000 00000000
   11 05 1 fe00  PRINTPC       0  00  0  00 00 00 00 00 11101110 00010001 0    11111111 00000000 11111111 00000000 00000000
>>> PRINTPC = 05 (5)
   12 06 0 fe00  PRINTPC       0  00  0  00 00 00 00 00 11101110 00010001 0    11111111 00000000 11111111 00000000 00000000
   13 06 1 ff00  PRINTIR       0  00  0  00 00 00 00 00 11101110 00010001 0    11111111 00000000 11111111 00000000 00000000
>>> PRINTIR = 00 (0)
   14 07 0 ff00  PRINTIR       0  00  0  00 00 00 00 00 11101110 00010001 0    11111111 00000000 11111111 00000000 00000000
   15 07 1 f700  PRINTY        0  00  0  00 00 00 00 00 11101110 00010001 0    11111111 00000000 11111111 00000000 00000000
>>> PRINTY  = ff (255)
   16 08 0 f700  PRINTY        0  00  0  00 00 00 00 00 11101110 00010001 0    11111111 00000000 11111111 00000000 00000000
   17 08 1 f800  PRINTRA       0  00  0  00 00 00 00 00 11101110 00010001 0    11111111 00000000 11111111 00000000 00000000
>>> PRINTRA = 00 (0)
   18 09 0 f800  PRINTRA       0  00  0  00 00 00 00 00 11101110 00010001 0    11111111 00000000 11111111 00000000 00000000
   19 09 1 f900  PRINTRD       0  00  0  00 00 00 00 00 11101110 00010001 0    11111111 00000000 11111111 00000000 00000000
>>> PRINTRD = ff (255)
   20 0a 0 f900  PRINTRD       0  00  0  00 00 00 00 00 11101110 00010001 0    11111111 00000000 11111111 00000000 00000000
   21 0a 1 fa00  PRINTR0       0  00  0  00 00 00 00 00 11101110 00010001 0    11111111 00000000 11111111 00000000 00000000
>>> PRINTR0 = 00 (0)
   22 0b 0 fa00  PRINTR0       0  00  0  00 00 00 00 00 11101110 00010001 0    11111111 00000000 11111111 00000000 00000000
   23 0b 1 fb00  PRINTT        0  00  0  00 00 00 00 00 11101110 00010001 0    11111111 00000000 11111111 00000000 00000000
>>> PRINTT  = 00 (0)
   24 0c 0 fb00  PRINTT        0  00  0  00 00 00 00 00 11101110 00010001 0    11111111 00000000 11111111 00000000 00000000
   25 0c 1 f000  HALT          0  00  0  00 00 00 00 00 11101110 00010001 0    11111111 00000000 11111111 00000000 00000000
   26 0c 3 f000  HALT          0  00  0  00 00 00 00 00 11101110 00010001 0    11111111 00000000 11111111 00000000 00000000
------------------------------------------------------------------------------------------------
ODU V2 CPU halted after 26 cycles.
tb_v2/tb_odu_v2_cpu.sv:141: $finish called at 276000 (1ps)
