WARNING: rtl_v2/ifa_odu_v2_cpu.sv:21: $readmemh(odu_v2_program.hex): Not enough words in the file for the requested range [0:255].
VCD info: dumpfile sim/odu_v2_cpu.vcd opened for output.
cycle pc ir    instr          A        B        addr OUT_Y    OUT_RA   OUT_RD   OUT_R0   OUT_T
------------------------------------------------------------------------------------------------
    1 00 10aa  LOADA         00000000 00000000 0    00000000 00000000 00000000 00000000 00000000
    2 01 10aa  LOADA         10101010 00000000 0    00000000 00000000 00000000 00000000 00000000
    3 01 2055  LOADB         10101010 00000000 0    00000000 00000000 00000000 00000000 00000000
    4 02 2055  LOADB         10101010 01010101 0    00000000 00000000 00000000 00000000 00000000
    5 02 3000  ADDR          10101010 01010101 0    00000000 00000000 00000000 00000000 00000000
    6 03 3000  ADDR          10101010 01010101 0    00000000 00000000 00000000 00000000 00000000
    7 03 6000  ODU_STORE     10101010 01010101 0    00000000 00000000 00000000 00000000 00000000
    8 03 6000  ODU_STORE     10101010 01010101 0    00000000 00000000 00000000 00000000 00000000
    9 04 6000  ODU_STORE     10101010 01010101 0    11111111 00000000 11111111 00000000 11111111
   10 04 10f0  LOADA         10101010 01010101 0    11111111 00000000 11111111 00000000 11111111
   11 05 10f0  LOADA         11110000 01010101 0    11111111 00000000 11111111 00000000 11111111
   12 05 20a5  LOADB         11110000 01010101 0    11111111 00000000 11111111 00000000 11111111
   13 06 20a5  LOADB         11110000 10100101 0    11111111 00000000 11111111 00000000 11111111
   14 06 3000  ADDR          11110000 10100101 0    11111111 00000000 11111111 00000000 11111111
   15 07 3000  ADDR          11110000 10100101 0    11111111 00000000 11111111 00000000 11111111
   16 07 5000  ODU_FEEDBACK  11110000 10100101 0    11111111 00000000 11111111 00000000 11111111
   17 07 5000  ODU_FEEDBACK  11110000 10100101 0    11111111 00000000 11111111 00000000 11111111
   18 08 5000  ODU_FEEDBACK  11110000 10100101 0    10101010 01010101 01010101 11110101 01010101
   19 08 1033  LOADA         11110000 10100101 0    10101010 01010101 01010101 11110101 01010101
   20 09 1033  LOADA         00110011 10100101 0    10101010 01010101 01010101 11110101 01010101
   21 09 2055  LOADB         00110011 10100101 0    10101010 01010101 01010101 11110101 01010101
   22 0a 2055  LOADB         00110011 01010101 0    10101010 01010101 01010101 11110101 01010101
   23 0a 3000  ADDR          00110011 01010101 0    10101010 01010101 01010101 11110101 01010101
   24 0b 3000  ADDR          00110011 01010101 0    10101010 01010101 01010101 11110101 01010101
   25 0b 5000  ODU_FEEDBACK  00110011 01010101 0    10101010 01010101 01010101 11110101 01010101
   26 0b 5000  ODU_FEEDBACK  00110011 01010101 0    10101010 01010101 01010101 11110101 01010101
   27 0c 5000  ODU_FEEDBACK  00110011 01010101 0    00110011 11001100 00110011 00100010 10010011
   28 0c 100f  LOADA         00110011 01010101 0    00110011 11001100 00110011 00100010 10010011
   29 0d 100f  LOADA         00001111 01010101 0    00110011 11001100 00110011 00100010 10010011
   30 0d 20f0  LOADB         00001111 01010101 0    00110011 11001100 00110011 00100010 10010011
   31 0e 20f0  LOADB         00001111 11110000 0    00110011 11001100 00110011 00100010 10010011
   32 0e 3000  ADDR          00001111 11110000 0    00110011 11001100 00110011 00100010 10010011
   33 0f 3000  ADDR          00001111 11110000 0    00110011 11001100 00110011 00100010 10010011
   34 0f 5000  ODU_FEEDBACK  00001111 11110000 0    00110011 11001100 00110011 00100010 10010011
   35 0f 5000  ODU_FEEDBACK  00001111 11110000 0    00110011 11001100 00110011 00100010 10010011
   36 10 5000  ODU_FEEDBACK  00001111 11110000 0    01101100 00110011 00110011 00110011 11011101
   37 10 3000  ADDR          00001111 11110000 0    01101100 00110011 00110011 00110011 11011101
   38 11 3000  ADDR          00001111 11110000 0    01101100 00110011 00110011 00110011 11011101
   39 11 7000  ODU_RECALL    00001111 11110000 0    01101100 00110011 00110011 00110011 11011101
   40 11 7000  ODU_RECALL    00001111 11110000 0    01101100 00110011 00110011 00110011 11011101
   41 12 7000  ODU_RECALL    00001111 11110000 0    01101100 00110011 00110011 00110011 11011101
   42 12 f000  HALT          00001111 11110000 0    01101100 00110011 00110011 00110011 11011101
   43 12 f000  HALT          00001111 11110000 0    01101100 00110011 00110011 00110011 11011101
------------------------------------------------------------------------------------------------
ODU V2 CPU halted after 43 cycles.
tb_v2/tb_odu_v2_cpu.sv:81: $finish called at 446000 (1ps)
