WARNING: rtl_v2/ifa_odu_v2_cpu.sv:21: $readmemh(odu_v2_program.hex): Not enough words in the file for the requested range [0:255].
VCD info: dumpfile sim/odu_v2_cpu.vcd opened for output.
cycle pc ir    instr          A        B        addr OUT_Y    OUT_RA   OUT_RD   OUT_R0   OUT_T
------------------------------------------------------------------------------------------------
    1 00 10aa  LOADA         00000000 00000000 0    00000000 00000000 00000000 00000000 00000000
    2 01 10aa  LOADA         10101010 00000000 0    00000000 00000000 00000000 00000000 00000000
    3 01 2055  LOADB         10101010 00000000 0    00000000 00000000 00000000 00000000 00000000
    4 02 2055  LOADB         10101010 01010101 0    00000000 00000000 00000000 00000000 00000000
    5 02 3000  ADDR          10101010 01010101 0    00000000 00000000 00000000 00000000 00000000
    6 03 3000  ADDR          10101010 01010101 0    00000000 00000000 00000000 00000000 00000000
    7 03 6000  ODU_STORE     10101010 01010101 0    00000000 00000000 00000000 00000000 00000000
    8 03 6000  ODU_STORE     10101010 01010101 0    00000000 00000000 00000000 00000000 00000000
    9 04 6000  ODU_STORE     10101010 01010101 0    11111111 00000000 11111111 00000000 11111111
   10 04 10f0  LOADA         10101010 01010101 0    11111111 00000000 11111111 00000000 11111111
   11 05 10f0  LOADA         11110000 01010101 0    11111111 00000000 11111111 00000000 11111111
   12 05 20a5  LOADB         11110000 01010101 0    11111111 00000000 11111111 00000000 11111111
   13 06 20a5  LOADB         11110000 10100101 0    11111111 00000000 11111111 00000000 11111111
   14 06 3000  ADDR          11110000 10100101 0    11111111 00000000 11111111 00000000 11111111
   15 07 3000  ADDR          11110000 10100101 0    11111111 00000000 11111111 00000000 11111111
   16 07 5000  ODU_FEEDBACK  11110000 10100101 0    11111111 00000000 11111111 00000000 11111111
   17 07 5000  ODU_FEEDBACK  11110000 10100101 0    11111111 00000000 11111111 00000000 11111111
   18 08 5000  ODU_FEEDBACK  11110000 10100101 0    10101010 01010101 01010101 11110101 01010101
   19 08 6000  ODU_STORE     11110000 10100101 0    10101010 01010101 01010101 11110101 01010101
   20 08 6000  ODU_STORE     11110000 10100101 0    10101010 01010101 01010101 11110101 01010101
   21 09 6000  ODU_STORE     11110000 10100101 0    01010101 10101010 01010101 00001010 01010101
   22 09 1033  LOADA         11110000 10100101 0    01010101 10101010 01010101 00001010 01010101
   23 0a 1033  LOADA         00110011 10100101 0    01010101 10101010 01010101 00001010 01010101
   24 0a 2055  LOADB         00110011 10100101 0    01010101 10101010 01010101 00001010 01010101
   25 0b 2055  LOADB         00110011 01010101 0    01010101 10101010 01010101 00001010 01010101
   26 0b 3000  ADDR          00110011 01010101 0    01010101 10101010 01010101 00001010 01010101
   27 0c 3000  ADDR          00110011 01010101 0    01010101 10101010 01010101 00001010 01010101
   28 0c 5000  ODU_FEEDBACK  00110011 01010101 0    01010101 10101010 01010101 00001010 01010101
   29 0c 5000  ODU_FEEDBACK  00110011 01010101 0    01010101 10101010 01010101 00001010 01010101
   30 0d 5000  ODU_FEEDBACK  00110011 01010101 0    00110011 11001100 11001100 11011101 01101100
   31 0d f000  HALT          00110011 01010101 0    00110011 11001100 11001100 11011101 01101100
   32 0d f000  HALT          00110011 01010101 0    00110011 11001100 11001100 11011101 01101100
------------------------------------------------------------------------------------------------
ODU V2 CPU halted after 32 cycles.
tb_v2/tb_odu_v2_cpu.sv:81: $finish called at 336000 (1ps)
