WARNING: rtl_v2/ifa_odu_v2_cpu.sv:21: $readmemh(odu_v2_program.hex): Not enough words in the file for the requested range [0:255].
VCD info: dumpfile sim/odu_v2_cpu.vcd opened for output.
cycle pc ir    instr          A        B        addr OUT_Y    OUT_RA   OUT_RD   OUT_R0   OUT_T
------------------------------------------------------------------------------------------------
    1 00 10aa  LOADA         00000000 00000000 0    00000000 00000000 00000000 00000000 00000000
    2 01 10aa  LOADA         10101010 00000000 0    00000000 00000000 00000000 00000000 00000000
    3 01 2055  LOADB         10101010 00000000 0    00000000 00000000 00000000 00000000 00000000
    4 02 2055  LOADB         10101010 01010101 0    00000000 00000000 00000000 00000000 00000000
    5 02 3000  ADDR          10101010 01010101 0    00000000 00000000 00000000 00000000 00000000
    6 03 3000  ADDR          10101010 01010101 0    00000000 00000000 00000000 00000000 00000000
    7 03 6000  ODU_STORE     10101010 01010101 0    00000000 00000000 00000000 00000000 00000000
    8 03 6000  ODU_STORE     10101010 01010101 0    00000000 00000000 00000000 00000000 00000000
    9 04 6000  ODU_STORE     10101010 01010101 0    11111111 00000000 11111111 00000000 11111111
   10 04 100f  LOADA         10101010 01010101 0    11111111 00000000 11111111 00000000 11111111
   11 05 100f  LOADA         00001111 01010101 0    11111111 00000000 11111111 00000000 11111111
   12 05 20f0  LOADB         00001111 01010101 0    11111111 00000000 11111111 00000000 11111111
   13 06 20f0  LOADB         00001111 11110000 0    11111111 00000000 11111111 00000000 11111111
   14 06 3001  ADDR          00001111 11110000 0    11111111 00000000 11111111 00000000 11111111
   15 07 3001  ADDR          00001111 11110000 1    11111111 00000000 11111111 00000000 11111111
   16 07 6000  ODU_STORE     00001111 11110000 1    11111111 00000000 11111111 00000000 11111111
   17 07 6000  ODU_STORE     00001111 11110000 1    11111111 00000000 11111111 00000000 11111111
   18 08 6000  ODU_STORE     00001111 11110000 1    11111111 00000000 11111111 00000000 11111111
   19 08 3000  ADDR          00001111 11110000 1    11111111 00000000 11111111 00000000 11111111
   20 09 3000  ADDR          00001111 11110000 0    11111111 00000000 11111111 00000000 11111111
   21 09 7000  ODU_RECALL    00001111 11110000 0    11111111 00000000 11111111 00000000 11111111
   22 09 7000  ODU_RECALL    00001111 11110000 0    11111111 00000000 11111111 00000000 11111111
   23 0a 7000  ODU_RECALL    00001111 11110000 0    11111111 00000000 11111111 00000000 11111111
   24 0a 3001  ADDR          00001111 11110000 0    11111111 00000000 11111111 00000000 11111111
   25 0b 3001  ADDR          00001111 11110000 1    11111111 00000000 11111111 00000000 11111111
   26 0b 7000  ODU_RECALL    00001111 11110000 1    11111111 00000000 11111111 00000000 11111111
   27 0b 7000  ODU_RECALL    00001111 11110000 1    11111111 00000000 11111111 00000000 11111111
   28 0c 7000  ODU_RECALL    00001111 11110000 1    11111111 00000000 11111111 00000000 11111111
   29 0c f000  HALT          00001111 11110000 1    11111111 00000000 11111111 00000000 11111111
   30 0c f000  HALT          00001111 11110000 1    11111111 00000000 11111111 00000000 11111111
------------------------------------------------------------------------------------------------
ODU V2 CPU halted after 30 cycles.
tb_v2/tb_odu_v2_cpu.sv:81: $finish called at 316000 (1ps)
