WARNING: rtl_v2/ifa_odu_v2_cpu.sv:21: $readmemh(odu_v2_program.hex): Not enough words in the file for the requested range [0:255].
VCD info: dumpfile sim/odu_v2_cpu.vcd opened for output.
cycle pc ir    instr          A        B        addr OUT_Y    OUT_RA   OUT_RD   OUT_R0   OUT_T
------------------------------------------------------------------------------------------------
    1 00 100a  LOADA         00000000 00000000 0    00000000 00000000 00000000 00000000 00000000
    2 01 100a  LOADA         00001010 00000000 0    00000000 00000000 00000000 00000000 00000000
    3 01 2005  LOADB         00001010 00000000 0    00000000 00000000 00000000 00000000 00000000
    4 02 2005  LOADB         00001010 00000101 0    00000000 00000000 00000000 00000000 00000000
    5 02 8000  RPC_ADD       00001010 00000101 0    00000000 00000000 00000000 00000000 00000000
    6 03 8000  RPC_ADD       00001010 00000101 0    00001111 11110000 00001111 11110000 00000000
    7 03 10ff  LOADA         00001010 00000101 0    00001111 11110000 00001111 11110000 00000000
    8 04 10ff  LOADA         11111111 00000101 0    00001111 11110000 00001111 11110000 00000000
    9 04 2001  LOADB         11111111 00000101 0    00001111 11110000 00001111 11110000 00000000
   10 05 2001  LOADB         11111111 00000001 0    00001111 11110000 00001111 11110000 00000000
   11 05 8000  RPC_ADD       11111111 00000001 0    00001111 11110000 00001111 11110000 00000000
   12 06 8000  RPC_ADD       11111111 00000001 0    00000000 00000001 11111110 00000000 00000010
   13 06 1010  LOADA         11111111 00000001 0    00000000 00000001 11111110 00000000 00000010
   14 07 1010  LOADA         00010000 00000001 0    00000000 00000001 11111110 00000000 00000010
   15 07 2001  LOADB         00010000 00000001 0    00000000 00000001 11111110 00000000 00000010
   16 08 2001  LOADB         00010000 00000001 0    00000000 00000001 11111110 00000000 00000010
   17 08 9000  RPC_SUB       00010000 00000001 0    00000000 00000001 11111110 00000000 00000010
   18 09 9000  RPC_SUB       00010000 00000001 0    00001111 11101110 00010001 11101110 00000000
   19 09 1000  LOADA         00010000 00000001 0    00001111 11101110 00010001 11101110 00000000
   20 0a 1000  LOADA         00000000 00000001 0    00001111 11101110 00010001 11101110 00000000
   21 0a 2001  LOADB         00000000 00000001 0    00001111 11101110 00010001 11101110 00000000
   22 0b 2001  LOADB         00000000 00000001 0    00001111 11101110 00010001 11101110 00000000
   23 0b 9000  RPC_SUB       00000000 00000001 0    00001111 11101110 00010001 11101110 00000000
   24 0c 9000  RPC_SUB       00000000 00000001 0    11111111 11111110 00000001 11111110 00000010
   25 0c 10a5  LOADA         00000000 00000001 0    11111111 11111110 00000001 11111110 00000010
   26 0d 10a5  LOADA         10100101 00000001 0    11111111 11111110 00000001 11111110 00000010
   27 0d 20a5  LOADB         10100101 00000001 0    11111111 11111110 00000001 11111110 00000010
   28 0e 20a5  LOADB         10100101 10100101 0    11111111 11111110 00000001 11111110 00000010
   29 0e a000  RPC_COMPARE   10100101 10100101 0    11111111 11111110 00000001 11111110 00000010
   30 0f a000  RPC_COMPARE   10100101 10100101 0    00000100 11111111 00000000 00000100 00000000
   31 0f 10a5  LOADA         10100101 10100101 0    00000100 11111111 00000000 00000100 00000000
   32 10 10a5  LOADA         10100101 10100101 0    00000100 11111111 00000000 00000100 00000000
   33 10 205a  LOADB         10100101 10100101 0    00000100 11111111 00000000 00000100 00000000
   34 11 205a  LOADB         10100101 01011010 0    00000100 11111111 00000000 00000100 00000000
   35 11 a000  RPC_COMPARE   10100101 01011010 0    00000100 11111111 00000000 00000100 00000000
   36 12 a000  RPC_COMPARE   10100101 01011010 0    00000010 00000000 11111111 00000010 00000000
   37 12 1033  LOADA         10100101 01011010 0    00000010 00000000 11111111 00000010 00000000
   38 13 1033  LOADA         00110011 01011010 0    00000010 00000000 11111111 00000010 00000000
   39 13 2055  LOADB         00110011 01011010 0    00000010 00000000 11111111 00000010 00000000
   40 14 2055  LOADB         00110011 01010101 0    00000010 00000000 11111111 00000010 00000000
   41 14 a000  RPC_COMPARE   00110011 01010101 0    00000010 00000000 11111111 00000010 00000000
   42 15 a000  RPC_COMPARE   00110011 01010101 0    00000001 10011001 01100110 00000001 00000000
   43 15 f000  HALT          00110011 01010101 0    00000001 10011001 01100110 00000001 00000000
   44 15 f000  HALT          00110011 01010101 0    00000001 10011001 01100110 00000001 00000000
------------------------------------------------------------------------------------------------
ODU V2 CPU halted after 44 cycles.
tb_v2/tb_odu_v2_cpu.sv:84: $finish called at 456000 (1ps)
